000000011110000000000000
000001111111100000000000
000011111111110000000000
000111100001111000000000
001111000000111100000000
001111000000111100000000
001110000000011100000000
001110000000011100000000
001110000000011100000000
000000000000000000000000
000000000000000000000000
001111111111111100000000
011111111111111110000000
111111111111111111000000
111111110011111111000000
111111100001111111000000
111111100001111111000000
111111100001111111000000
111111100001111111000000
111111100001111111000000
111111110011111111000000
111111111111111111000000
011111111111111110000000
001111111111111100000000